26
Wolbachia_pipientis_25-275                                          0.0000000 0.4130826 0.4160012 0.6227595 0.6828203 1.5961198 1.5909059 1.3231211 1.3558046 0.4951760 0.4951760 0.7735239 0.2354262 0.7835991 0.0508077 0.3810023 0.3810023 0.4174937 0.3887643 0.3982542 0.3677650 0.4614420 0.4614420 0.5218284 0.4577383 0.4865566 
Fusibacter_paucivorans_consensus_25-276                             0.4130826 0.0000000 0.1374354 0.6232447 0.5076659 1.2078115 1.2392517 1.0953186 1.1283147 0.3595063 0.3595063 0.5588081 0.3247221 0.6151822 0.3300663 0.4379921 0.4379921 0.3991596 0.3987784 0.3896029 0.4209797 0.3968191 0.3968191 0.4104770 0.1961097 0.2238761 
Fusibacter_paucivorans_25-276                                       0.4160012 0.1374354 0.0000000 0.6579508 0.5304546 1.1016965 1.1610988 1.2134872 1.2342194 0.2971343 0.2971343 0.5439867 0.3333182 0.5610787 0.3388060 0.3805862 0.3805862 0.4020473 0.4210778 0.4115619 0.4442351 0.4651679 0.4651679 0.4520018 0.2822194 0.2915608 
Mycoplasma_pneumoniae_consensus_25-276                              0.6227595 0.6232447 0.6579508 0.0000000 0.2421265 2.5320161 2.4474121 1.6595564 1.7468548 0.5695563 0.5695563 0.6554626 0.4963893 0.7223195 0.6136166 0.4599588 0.4599588 0.4751397 0.4327977 0.4432418 0.4294509 0.5179825 0.5179825 0.6060796 0.5052865 0.6174035 
Mycoplasma_pneumoniae_25-276                                        0.6828203 0.5076659 0.5304546 0.2421265 0.0000000 1.9221165 2.2811206 1.6475594 1.7333417 0.6199933 0.6199933 0.6153111 0.5462172 0.7302464 0.6721299 0.4901808 0.4901808 0.4892612 0.4451882 0.4560564 0.4704053 0.6222354 0.6222354 0.5730817 0.4047838 0.5055089 
Sulfolobus_islandicus_25-277                                        1.5961198 1.2078115 1.1016965 2.5320161 1.9221165 0.0000000 0.1489408 0.6487841 0.6756167 1.4431610 1.4431610 1.5918442 1.6931355 1.6714253 1.4426843 1.1895481 1.1895481 1.1232885 1.2243568 1.1979946 1.2608496 1.3074109 1.3074109 1.4819518 1.4993654 1.4035963 
Sulfolobus_islandicus_consensus_25-277                              1.5909059 1.2392517 1.1610988 2.4474121 2.2811206 0.1489408 0.0000000 0.7316135 0.6528966 1.4863138 1.4863138 1.3308161 1.4231058 1.5595263 1.3764659 0.9702180 0.9702180 0.9342263 1.0157278 0.9945566 1.0456568 1.1083933 1.1083933 1.2022897 1.3722342 1.2197850 
Methanococcus_aeolicus_consensus_25-277                             1.3231211 1.0953186 1.2134872 1.6595564 1.6475594 0.6487841 0.7316135 0.0000000 0.0909693 1.3948909 1.3948909 1.1581252 1.3196786 1.3545867 1.1947636 1.2205594 1.2205594 1.3464092 1.4106813 1.3780411 1.3673261 1.3035710 1.3035710 1.5766044 1.2676289 1.2178722 
Methanococcus_aeolicus_25-277                                       1.3558046 1.1283147 1.2342194 1.7468548 1.7333417 0.6756167 0.6528966 0.0909693 0.0000000 1.4560178 1.4560178 1.0238860 1.4349166 1.2665986 1.2429075 1.1841230 1.1841230 1.3044397 1.3655601 1.3345193 1.3241923 1.2022645 1.2022645 1.4532182 1.1743999 1.2745850 
Leptospira_borgpetersenii_consensus_25-277                          0.4951760 0.3595063 0.2971343 0.5695563 0.6199933 1.4431610 1.4863138 1.3948909 1.4560178 0.0000000 0.0000010 0.5163753 0.5113877 0.6096057 0.4357077 0.4273005 0.4273005 0.4447311 0.4402248 0.4505705 0.4537572 0.4083085 0.4083085 0.5020050 0.3996937 0.3780789 
Leptospira_borgpetersenii_25-277                                    0.4951760 0.3595063 0.2971343 0.5695563 0.6199933 1.4431610 1.4863138 1.3948909 1.4560178 0.0000010 0.0000000 0.5163753 0.5113877 0.6096057 0.4357077 0.4273005 0.4273005 0.4447311 0.4402248 0.4505705 0.4537572 0.4083085 0.4083085 0.5020050 0.3996937 0.3780789 
Synechococcus_elongatus_25-277                                      0.7735239 0.5588081 0.5439867 0.6554626 0.6153111 1.5918442 1.3308161 1.1581252 1.0238860 0.5163753 0.5163753 0.0000000 0.5638325 0.2876958 0.7281439 0.6405857 0.6405857 0.6188080 0.5996067 0.6129363 0.6312959 0.5285817 0.5285817 0.5232273 0.4537289 0.4891106 
Fusibacter_paucivorans_consensus_25-277                             0.2354262 0.3247221 0.3333182 0.4963893 0.5462172 1.6931355 1.4231058 1.3196786 1.4349166 0.5113877 0.5113877 0.5638325 0.0000000 0.5829161 0.2092378 0.2778776 0.2778776 0.3052466 0.2817397 0.2895210 0.2989348 0.3913810 0.3913810 0.3991134 0.4263064 0.4543932 
Synechococcus_elongatus_consensus_25-277                            0.7835991 0.6151822 0.5610787 0.7223195 0.7302464 1.6714253 1.5595263 1.3545867 1.2665986 0.6096057 0.6096057 0.2876958 0.5829161 0.0000000 0.7470762 0.5868661 0.5868661 0.6160363 0.6233184 0.6101686 0.6561722 0.6775602 0.6775602 0.5658669 0.5794335 0.6008179 
NZ_CP046925.1_1168280-1168532                                       0.0508077 0.3300663 0.3388060 0.6136166 0.6721299 1.4426843 1.3764659 1.1947636 1.2429075 0.4357077 0.4357077 0.7281439 0.2092378 0.7470762 0.0000000 0.3183273 0.3183273 0.3528487 0.3271082 0.3356219 0.3085603 0.3989014 0.3989014 0.4529171 0.3654741 0.4161991 
Pseudomonas_aeruginosa_PAO1_NC_002516.2_722623-722875               0.3810023 0.4379921 0.3805862 0.4599588 0.4901808 1.1895481 0.9702180 1.2205594 1.1841230 0.4273005 0.4273005 0.6405857 0.2778776 0.5868661 0.3183273 0.0000000 0.0000010 0.0291590 0.0512538 0.0467725 0.0510617 0.2164930 0.2164930 0.1957062 0.3187994 0.3599921 
Pseudomonas_aeruginosa_UCBPP-PA14_NC_008463.1_733613-733865         0.3810023 0.4379921 0.3805862 0.4599588 0.4901808 1.1895481 0.9702180 1.2205594 1.1841230 0.4273005 0.4273005 0.6405857 0.2778776 0.5868661 0.3183273 0.0000010 0.0000000 0.0291590 0.0512538 0.0467725 0.0510617 0.2164930 0.2164930 0.1957062 0.3187994 0.3599921 
Pseudomonas_oleovorans_GD04132_NZ_CP104579.1_2754046-2754298        0.4174937 0.3991596 0.4020473 0.4751397 0.4892612 1.1232885 0.9342263 1.3464092 1.3044397 0.4447311 0.4447311 0.6188080 0.3052466 0.6160363 0.3528487 0.0291590 0.0291590 0.0000000 0.0202315 0.0161155 0.0287021 0.1805917 0.1805917 0.1547575 0.2721814 0.3095286 
Pseudomonas_protegens_CHA0_NZ_LS999205.1_123690-123942              0.3887643 0.3987784 0.4210778 0.4327977 0.4451882 1.2243568 1.0157278 1.4106813 1.3655601 0.4402248 0.4402248 0.5996067 0.2817397 0.6233184 0.3271082 0.0512538 0.0512538 0.0202315 0.0000000 0.0039609 0.0079820 0.1615483 0.1615483 0.1487052 0.2718530 0.3260982 
Pseudomonas_putida_NBRC_14164_NC_021505.1_164552-164804             0.3982542 0.3896029 0.4115619 0.4432418 0.4560564 1.1979946 0.9945566 1.3780411 1.3345193 0.4505705 0.4505705 0.6129363 0.2895210 0.6101686 0.3356219 0.0467725 0.0467725 0.0161155 0.0039609 0.0000000 0.0120409 0.1678474 0.1678474 0.1430451 0.2642746 0.3178353 
Pseudomonas_syringae_pv_tomato_str_DC3000_NC_004578.1_667256-667508 0.3677650 0.4209797 0.4442351 0.4294509 0.4704053 1.2608496 1.0456568 1.3673261 1.3241923 0.4537572 0.4537572 0.6312959 0.2989348 0.6561722 0.3085603 0.0510617 0.0510617 0.0287021 0.0079820 0.0120409 0.0000000 0.1607225 0.1607225 0.1611671 0.2894665 0.3456618 
NC_000913.3_224304-224556                                           0.4614420 0.3968191 0.4651679 0.5179825 0.6222354 1.3074109 1.1083933 1.3035710 1.2022645 0.4083085 0.4083085 0.5285817 0.3913810 0.6775602 0.3989014 0.2164930 0.2164930 0.1805917 0.1615483 0.1678474 0.1607225 0.0000000 0.0000010 0.0949050 0.3125569 0.2928952 
Escherichia_coli_25-277                                             0.4614420 0.3968191 0.4651679 0.5179825 0.6222354 1.3074109 1.1083933 1.3035710 1.2022645 0.4083085 0.4083085 0.5285817 0.3913810 0.6775602 0.3989014 0.2164930 0.2164930 0.1805917 0.1615483 0.1678474 0.1607225 0.0000010 0.0000000 0.0949050 0.3125569 0.2928952 
NZ_CP028827.1_46939-47191                                           0.5218284 0.4104770 0.4520018 0.6060796 0.5730817 1.4819518 1.2022897 1.5766044 1.4532182 0.5020050 0.5020050 0.5232273 0.3991134 0.5658669 0.4529171 0.1957062 0.1957062 0.1547575 0.1487052 0.1430451 0.1611671 0.0949050 0.0949050 0.0000000 0.2931370 0.3262343 
Bacillus_subtilis_consensus_25-277                                  0.4577383 0.1961097 0.2822194 0.5052865 0.4047838 1.4993654 1.3722342 1.2676289 1.1743999 0.3996937 0.3996937 0.4537289 0.4263064 0.5794335 0.3654741 0.3187994 0.3187994 0.2721814 0.2718530 0.2642746 0.2894665 0.3125569 0.3125569 0.2931370 0.0000000 0.0664729 
Bacillus_subtilis_25-277                                            0.4865566 0.2238761 0.2915608 0.6174035 0.5055089 1.4035963 1.2197850 1.2178722 1.2745850 0.3780789 0.3780789 0.4891106 0.4543932 0.6008179 0.4161991 0.3599921 0.3599921 0.3095286 0.3260982 0.3178353 0.3456618 0.2928952 0.2928952 0.3262343 0.0664729 0.0000000 
